------------------------------------------
Bayes etimation of LCMMNP model    
Model id: train_C3
Results folder: RprobitB/applications/results
------------------------------------------
Model settings:
N   = 235
T   = 5 to 19
J   = 2
P_f = 2
P_r = 2
C   = 3
------------------------------------------
Normalization:
parameter = alpha_1
value     = -1
------------------------------------------
MCMC settings:
R           = 1e+05
B           = 50000
Q           = 100
sample size = 500
------------------------------------------
Iteration Event                  ETA (min)
        0 started sampling                
    10000                               16
    20000                               14
    30000                               13
    40000                               11
    50000                                9
    60000                                7
    70000                                6
    80000                                4
    90000                                2
   100000                                0
   100000 done, total time: 18 min
------------------------------------------
Posterior summary:
        true  mean    sd    5%   95%    R^

 alpha
                                          
     1    NA -1.00  0.00 -1.00 -1.00   NaN
     2    NA -0.41  0.08 -0.55 -0.28     1

 s
                                          
     1    NA  0.14  0.08  0.03  0.27  1.01
     2    NA  0.27  0.10  0.09  0.42  1.00
     3    NA  0.59  0.14  0.40  0.86  1.01

 b
                                          
   1.1    NA  0.30  0.60 -0.51  1.09  1.00
   1.2    NA  0.08  0.57 -0.93  0.92  1.02
   2.1    NA  0.46  0.41 -0.14  1.06  1.00
   2.2    NA  0.06  0.53 -0.78  0.71  1.01
   3.1    NA  0.59  0.19  0.26  0.88  1.00
   3.2    NA  0.25  0.23 -0.13  0.60  1.00

 Omega
                                          
 1.1,1    NA  0.56  1.47  0.04  1.65  1.00
 1.1,2    NA -0.04  0.56 -0.79  0.38  1.00
 1.2,1    NA -0.04  0.56 -0.79  0.38  1.00
 1.2,2    NA  0.65  1.07  0.04  2.18  1.01
 2.1,1    NA  0.45  0.70  0.04  1.42  1.00
 2.1,2    NA -0.06  0.40 -0.54  0.24  1.00
 2.2,1    NA -0.06  0.40 -0.54  0.24  1.00
 2.2,2    NA  0.51  0.90  0.05  1.66  1.00
 3.1,1    NA  0.26  0.18  0.05  0.59  1.00
 3.1,2    NA -0.05  0.14 -0.27  0.12  1.01
 3.2,1    NA -0.05  0.14 -0.27  0.12  1.01
 3.2,2    NA  0.31  0.27  0.04  0.76  1.00

 Sigma
                                          
   1,1    NA 10.01  2.74  6.65 14.64     1
------------------------------------------
WAIC: 7882.3254
